go_terms<-c("GO:0001889","GO:0004857","GO:0005737","GO:0007165","GO:0007409","GO:0008045","GO:0008360",
"GO:0019208","GO:0019901","GO:0021555","GO:0030018","GO:0030155","GO:0031672","GO:0035507","GO:0046982","GO:0051017","GO:0060028","GO:0070650","GO:0071889","GO:0072357","GO:0003723","GO:0004521","GO:0046872","GO:0005739","GO:0016787","GO:0000900","GO:0003723","GO:0003730","GO:0005634","GO:0005737","GO:0006397","GO:0008135","GO:0032869","GO:0032991","GO:0035925","GO:0043005","GO:0043022","GO:0045202","GO:0046872","GO:0071230","GO:0071456","GO:1900365","GO:1990124","GO:2000766","GO:0005840","GO:0042254","GO:0004108","GO:0005759","GO:0005975","GO:0006099","GO:0006101","GO:0014823","GO:0002088","GO:0005737","GO:0007519","GO:0030018","GO:0030239","GO:0031672","GO:0048471","GO:0048738","GO:0048747","GO:0051879","GO:0060538","GO:0061077","GO:0000445","GO:0003729","GO:0005737","GO:0006397","GO:0006406","GO:0008380","GO:0016607","GO:0030154","GO:0032786","GO:0005794","GO:0007165","GO:0003677","GO:0004519","GO:0005634","GO:0005739","GO:0006281","GO:0046872","GO:0000398","GO:0003723","GO:0003724","GO:0005524","GO:0005634","GO:0007420","GO:0015030","GO:0016607","GO:0016787","GO:0031017","GO:0045621","GO:0045648","GO:0048546","GO:0060216","GO:0072576","GO:1902038","GO:0003735","GO:0005762","GO:0006412","GO:0006915","GO:0007049","GO:1990904","GO:0003723","GO:0006446","GO:0008494","GO:0000139","GO:0000978","GO:0000981","GO:0001889","GO:0005634","GO:0005789","GO:0006357","GO:0008203","GO:0008593","GO:0010886","GO:0012507","GO:0016021","GO:0032933","GO:0045542","GO:0045944","GO:0046983","GO:0004176","GO:0004252","GO:0005524","GO:0005782","GO:0006515","GO:0006625","GO:0016485","GO:0016558","GO:0002244","GO:0005634","GO:0005737","GO:0005815","GO:0005874","GO:0007049","GO:0007219","GO:0032154","GO:0051301","GO:0060271","GO:0007389","GO:0030173","GO:0033829","GO:0046872","GO:0004370","GO:0019563","GO:0002953","GO:0005737","GO:0046872","GO:0003735","GO:0006412","GO:0015934","GO:0022625","GO:0030218","GO:0098556","GO:0008270","GO:0016021","GO:0004674","GO:0004707","GO:0005524","GO:0005634","GO:0005737","GO:0035556",
"GO:0106310","GO:0106311","GO:0005525","GO:0060170","GO:0097500","GO:0097730","GO:1905515","GO:0005737","GO:0005876","GO:0008017","GO:0097431","GO:0003713","GO:0004402","GO:0030914","GO:0043966","GO:0046982","GO:0000502","GO:0005524","GO:0005634","GO:0005737","GO:0008134","GO:0008540","GO:0017025","GO:0031531","GO:0031595","GO:0031597","GO:0036402","GO:0043161","GO:0045899","GO:0050804","GO:0098794","GO:0005794","GO:0005829","GO:0016020","GO:0016021","GO:0042147","GO:0000086","GO:0004725","GO:0005634","GO:0005737","GO:0009794","GO:0010389","GO:0010971","GO:0045931","GO:0051301","GO:0110032","GO:0000082","GO:0000978","GO:0000981","GO:0006357","GO:0006919","GO:0035189","GO:0046983","GO:0048469","GO:0090575","GO:0005634","GO:0010468","GO:0005942","GO:0005944","GO:0007186","GO:0043406","GO:0046935","GO:0003924","GO:0005525","GO:0005768","GO:0005776","GO:0006886","GO:0012505","GO:0030139","GO:0000076","GO:0006281","GO:0008408","GO:0030896","GO:0031573","GO:0071479","GO:0005743","GO:0006875","GO:0016021","GO:0043022","GO:0005737","GO:0030145","GO:0070006","GO:0005096","GO:0005925","GO:0007165","GO:0035021","GO:0035313","GO:0090630","GO:1900028","GO:0000027","GO:0005730","GO:0006364","GO:0019843","GO:0030687","GO:0005669","GO:0006355","GO:0006367","GO:0043966","GO:0001965","GO:0005092","GO:0005096","GO:0007051","GO:0008017","GO:0008354","GO:0035556","GO:0043547","GO:0051301","GO:0008270","GO:0061630","GO:0006886","GO:0016301","GO:0031901","GO:0046872","GO:0000226","GO:0005096","GO:0006457","GO:0007021","GO:0007023","GO:0007420","GO:0010842","GO:0016328","GO:0034333","GO:0048487","GO:0070830","GO:0001760","GO:0005737","GO:0005829","GO:0016787","GO:0016831","GO:0019748","GO:1904985","GO:0005178","GO:0005925","GO:0007160","GO:0007229","GO:0008305","GO:0016477","GO:0031581","GO:0033627","GO:0005634","GO:0006357","GO:0010468","GO:0005634","GO:0006336","GO:0000727","GO:0000811","GO:0006260","GO:0004842","GO:0005737","GO:0005829","GO:0016279","GO:0018022","GO:0018023","GO:0005524","GO:0005874","GO:0007018","GO:0007052","GO:0008017","GO:1990939","GO:0003676","GO:0005524","GO:0008270","GO:0016818","GO:0070615","GO:0005794","GO:0006888","GO:0007030","GO:0031267","GO:0004819","GO:0005524","GO:0005829","GO:0006425","GO:0017101",
"GO:0005737","GO:0055105","GO:0005615","GO:0016021","GO:0031012","GO:0000287","GO:0004357","GO:0005524",
"GO:0006534","GO:0006536","GO:0006750","GO:0006979","GO:0009408","GO:0009725","GO:0016595","GO:0017109",
"GO:0043066","GO:0043531","GO:0045454","GO:0045892","GO:0097746","GO:0004519","GO:0005768","GO:0005802",
"GO:0005829","GO:0006895","GO:0015031","GO:0000045","GO:0000407","GO:0005524","GO:0005737","GO:0005768",
"GO:0005777","GO:0006897","GO:0016020","GO:0016303","GO:0030242","GO:0034271","GO:0034272","GO:0036092",
"GO:0046854","GO:0048015","GO:0052742","GO:0000978","GO:0000981","GO:0005634","GO:0006357","GO:0008134",
"GO:0046983","GO:0000287","GO:0005737","GO:0006772","GO:0016311","GO:0042357","GO:0050333","GO:0000978",
"GO:0004879","GO:0005634","GO:0006357","GO:0008270","GO:0030154","GO:0040019","GO:0045944","GO:0048856")

table(go_terms)->df
as.data.frame(df)->df2
write.table(df2, "count_goterms.txt", sep=" ",row.names = F,
            col.names = F,quote = F)
